4.343071872158929551e+36 2.875267661559720217e+26 4.148758606371498005e+33 8.970835104066327642e+25 0.000000000000000000e+00
1.559326345066962999e+37 9.016839386651283767e+26 1.159759430018961818e+34 9.200856516991104833e+25 0.000000000000000000e+00
1.996121702314107711e+37 6.417597420601295492e+26 1.837575147085084762e+34 9.200856516991104833e+25 0.000000000000000000e+00
2.106090438295224527e+37 6.417597420601295492e+26 1.606001846516191292e+34 9.890920755765438125e+25 0.000000000000000000e+00
2.034684217658796351e+37 4.669434682372986089e+26 1.890455434130713957e+34 7.590706626517661917e+25 0.000000000000000000e+00
1.951880228827824800e+37 6.325588855431385303e+26 2.287252917175503101e+34 9.200856516991104833e+25 0.000000000000000000e+00
1.951880228827824800e+37 4.738441106250420106e+26 2.287252917175503101e+34 9.200856516991104833e+25 0.000000000000000000e+00
1.330808286782481439e+37 4.968462519175197641e+26 1.689955566664141104e+34 9.890920755765438125e+25 0.000000000000000000e+00
1.263679721740983256e+37 3.726346889381397028e+26 1.016831842913563986e+34 9.660899342840659216e+25 0.000000000000000000e+00
1.058831898477163710e+37 2.254209846662820942e+26 1.095862226181463073e+34 9.430877929915880307e+25 0.000000000000000000e+00
9.166362251696908280e+36 2.691250531219898121e+26 7.108690271506835354e+33 8.970835104066327642e+25 1.000000000000000000e+00
2.455271099823853401e+36 2.967276226729631438e+26 1.593123088264626652e+34 9.890920755765438125e+25 1.000000000000000000e+00
1.964070245674592125e+36 2.898269802852197765e+26 1.274403326417632868e+34 9.660899342840659216e+25 1.000000000000000000e+00
4.864486656330838045e+34 4.140385432645997690e+26 5.393845912816667680e+32 1.380128477548665897e+26 1.000000000000000000e+00
3.648522395720808609e+34 3.795353313258831044e+26 2.659350203636305985e+32 1.265117771086276786e+26 1.000000000000000000e+00
7.671795477007013669e+34 3.220299780946886863e+26 1.433966815993264022e+33 1.081100640746454861e+26 1.000000000000000000e+00
2.558803973357725505e+35 2.990278368022109329e+26 2.318153686923918253e+33 9.890920755765438125e+25 1.000000000000000000e+00
2.149014594764307745e+35 2.990278368022109329e+26 4.870282249475101931e+33 9.890920755765438125e+25 1.000000000000000000e+00
2.056018492022696580e+35 3.450321193871663711e+26 2.941431727272672448e+33 1.150107064623888018e+26 1.000000000000000000e+00
2.056018492022696580e+35 3.450321193871663711e+26 2.941431727272672448e+33 1.150107064623888018e+26 1.000000000000000000e+00
