3.920125762951643119e+36 3.480166322150031457e+29
9.831052152817761178e+35 2.309936280173194655e+30
1.330148104794075603e+37 4.589865930219977625e+29
1.429881344481363473e+37 6.389987373482746833e+29
1.269989118918110911e+37 3.689775985701504762e+29
1.180048888068964769e+37 4.279568675300520178e+29
1.130056089748537436e+37 3.619928562242405627e+29
1.079940926663105179e+37 4.080374266896708558e+29
1.019999596593723239e+37 4.210173564456231181e+29
9.369145856727285051e+36 2.569803995402269162e+29
7.950601750844154919e+36 2.440057159428205046e+29
6.419482215080320242e+36 2.960056495075815542e+29
3.179801427691537268e+37 1.590010528214863110e+30
2.519996862109252456e+37 1.189871329160045217e+30
1.919994567954275019e+37 3.100273441998181968e+29
1.609904076215710234e+37 3.749730022454849268e+29
1.480130473020813816e+37 4.480226804128654941e+29
8.040813701206079944e+36 2.440057159428205046e+29
1.320079236192265650e+34 1.739802698038291007e+28
1.630046523984854123e+33 7.360375990609104775e+27
4.080374266896708819e+35 1.109941270774825998e+29
4.619553487999653904e+35 1.320079236192254893e+29
2.590001406947930771e+35 6.640488057745718374e+28
2.890014355349485517e+35 7.680685809900997599e+28
1.330148104794075618e+35 7.739270032780554761e+28
5.640271374318951667e+30 6.918309709189363179e+26
1.887991349096292575e+31 1.584893192461110870e+26
6.400295121083666396e+36 1.039920165829057929e+29
1.019999596593723144e+38 1.790193599265008589e+31
7.629568911615335830e+37 1.729816359215099686e+31
1.299870237388606748e+37 5.970352865838366326e+30
1.139987265569973929e+37 5.380219571891105049e+30
1.089933497027062328e+37 5.709525277152792753e+30
5.889792572290241447e+36 3.019951720402019361e+30
5.839827246189266533e+36 3.769641066462435823e+30
5.940185399703692799e+36 3.349654391578265696e+30
2.749792986895084981e+36 2.099906703762419757e+30
9.669410546091183357e+35 9.449307890342998604e+29
5.279587597837324579e+34 1.570001256561496619e+29
2.050217801201974687e+34 7.870457896951000758e+28
2.690295591704617118e+34 1.770108958317425625e+29
2.630267991895392299e+34 2.099906703762419757e+29
2.499769702178507724e+37 3.900317844750664408e+30
3.069728738183652425e+37 4.759923796672517716e+30
4.109604232515461586e+37 5.430002130657378083e+30
7.229362466614409361e+37 9.360520527214563396e+30
2.490003743388200980e+35 5.050100256703152213e+29
1.949844599758041622e+35 4.589865930219977625e+29
1.009950294120321181e+36 7.409689339137014406e+29
3.179801427691537504e+36 1.210040760856951261e+30
1.220112847031924119e+37 3.199631767318340534e+30
1.279970616705176686e+37 3.179801427691537151e+30
1.330148104794075603e+37 3.269640468343066335e+30
1.349895035055974788e+37 3.410358226533506501e+30
5.039645636126397815e+36 3.100273441998181827e+30
3.719632211619581508e+36 2.779713267759282949e+30
2.480275937692962005e+36 2.269864851883830610e+30
2.210039317349186008e+36 2.180218397185944335e+30
2.099906703762436720e+36 1.930189727634569973e+30
1.570001256561496714e+36 1.260085459088239370e+30
1.679964095484802093e+36 1.310086586257028639e+30
1.290030564217983766e+36 1.109941270774825998e+30
9.749896377173806730e+35 6.559942006647450785e+29
2.949850457484235443e+35 3.940034276447466899e+29
7.360375990609104241e+37 1.119953522384885463e+31
7.629568911615335830e+37 1.480130473020825908e+31
2.819681143470709209e+36 2.870119636464429027e+30
2.060155490319994318e+36 1.729816359215099798e+30
1.719887341238248276e+36 1.320079236192254822e+30
1.690051738043566940e+36 1.109941270774825998e+30
1.790193599264994011e+36 1.310086586257028639e+30
2.429964897703210714e+36 1.380066455970334607e+30
3.359696136912133163e+36 1.749846688624651136e+30
4.929467413122040890e+36 1.939992272390986185e+30
3.359696136912133606e+35 5.250491986747604372e+29
3.329660852068786017e+35 3.149923452784476219e+29
3.689775985701504939e+35 4.259905843322047022e+29
9.589589129147381894e+35 7.610268859134464623e+29
1.180048888068964828e+36 8.139542590972657209e+29
1.580156128997193259e+36 9.910601186478274521e+29
1.150005718699228067e+36 7.739270032780553881e+29
6.089757514677262724e+35 5.970352865838366044e+29
2.229975029531505159e+35 4.789608324977873177e+29
2.700225286888216869e+36 1.810089295270755798e+30
8.089096194098272892e+36 3.309786650728406577e+30
1.109941270774816931e+37 3.869902291902704133e+30
1.890166231186893946e+37 4.789608324977872896e+30
2.199885109049238047e+37 6.299411805485567474e+30
2.210039317349186244e+37 5.279587597837324289e+30
2.690295591704617033e+37 7.430191378966990566e+30
2.939679609492412435e+37 7.899507213358175140e+30
3.780071373018116340e+37 1.009950294120321128e+31
4.440174108068921455e+37 1.220112847031934255e+31
5.109754090546727933e+37 1.440124371175571414e+31
5.450043893417656149e+37 1.699808513203494725e+31
5.790285794746403836e+37 1.650061001320232099e+31
5.959365192559348475e+37 1.389952631213355445e+31
5.940185399703693036e+37 1.539926526059492089e+31
6.079949891399862491e+37 1.619943993903623473e+31
6.570523909635519694e+37 1.570001256561496689e+31
4.340102636447466816e+36 2.740311921030272162e+30
3.469764505288534201e+36 2.539802813772825936e+30
2.720194761984396635e+36 2.609756572494138223e+30
1.890166231186893946e+36 2.519996862109231638e+30
1.299870237388606777e+36 1.939992272390986185e+30
1.019999596593723180e+36 1.590010528214863110e+30
8.190303588996112887e+35 1.079940926663105212e+30
6.709652064618821085e+35 8.269895085679325408e+29
6.180164001384113603e+35 9.048987743944172104e+29
3.220327198167537398e+35 4.859594143462704025e+29
2.149809610389357809e+35 4.989993730845962893e+29
4.029953175019769620e+34 2.619992209772750944e+29
1.880182473490266696e+34 2.559764430599002719e+29
1.260085459088239423e+35 2.229975029531487034e+29
2.700225286888217030e+33 4.609990177075885147e+28
1.699808513203508579e+34 1.119953522384885470e+29
1.699808513203508579e+34 8.560517117200966945e+28
3.699985311728573281e+34 2.039858300268560661e+29
6.899220098440459545e+34 1.510080154164143159e+29
9.259765745612460065e+34 1.260085459088239335e+29
1.450106836421973614e+35 1.380066455970334747e+29
2.130100037411261142e+35 1.510080154164143159e+29
3.369767985844033064e+35 2.039858300268560661e+29
1.299870237388606777e+36 1.839924489796676062e+29
1.490047111787103854e+36 1.450106836421973478e+29
1.739802698038276938e+36 4.160063884776205147e+29
3.139785648272794925e+36 3.689775985701504762e+29
3.460190424829468766e+36 3.869902291902703852e+29
3.729924147524733798e+36 2.960056495075815542e+29
4.290421892388857405e+36 2.210039317349186188e+29
4.469922568418697148e+36 3.160093990447954859e+29
5.889792572290241447e+36 2.700225286888239041e+29
6.060382005270647165e+36 3.419794425137080069e+29
6.210120110685443444e+36 3.599979270433568767e+29
6.469936228086761805e+36 3.900317844750663985e+29
7.360375990609104241e+36 6.190133280967236323e+29
8.250874854788060242e+36 6.190133280967236323e+29
8.400400652637734133e+36 2.900013369054060906e+29
1.290030564217983589e+37 1.150005718699237477e+30
1.409937949358724651e+37 1.669936664415500119e+30
1.460158496811788360e+37 1.599926382868600098e+30
1.480130473020813816e+37 1.570001256561496689e+30
1.679964095484802152e+37 1.480130473020825908e+30
2.039858300268577088e+37 1.800113960418003914e+30
2.110085241860487639e+37 3.010232220663379423e+30
3.100273441998181698e+37 4.250108331760461765e+30
5.810319310119102875e+37 1.119953522384885463e+31
6.669603248243586483e+37 1.279970616705176750e+31
7.659492583728876887e+37 1.440124371175571414e+31
7.530087105475944722e+36 1.729816359215099868e+29
5.649369748123056608e+36 2.419914378339221400e+29
2.010018247113678378e+35 2.690295591704616923e+29
2.180218397185962381e+35 2.529880455887919106e+29
2.519996862109252397e+35 2.480275937692961985e+29
2.649720098878971756e+35 1.380066455970334747e+29
2.870119636464452490e+35 1.619943993903623572e+29
2.960056495075815663e+35 2.749792986895062814e+29
3.430046439433763138e+35 2.639976129354819388e+29
3.719632211619581655e+35 2.380126282194985880e+29
4.029953175019769528e+35 2.380126282194985880e+29
4.029953175019769528e+35 1.619943993903623572e+29
3.199631767318340504e+35 2.559764430599002719e+29
4.240333353850201043e+30 8.350260034320143032e+25
2.136977748245238000e+35 2.138454430146543740e+29
2.176707130825891609e+35 1.338135215154019799e+29
1.847991630578525229e+35 1.064878356126963656e+29
1.093200948927627210e+35 9.204495717531683501e+28
7.328245331389074544e+34 5.829079788672324359e+28
4.843953885478423401e+34 4.471981517887515439e+28
2.512464881328780588e+34 3.149198239602289837e+28
1.568194765915963538e+34 2.697118326494944014e+28
8.245177320439909478e+33 1.670321225815040079e+28
5.819691989817609012e+36 3.740244560424051643e+29
7.620790100254083531e+33 4.970499105762355491e+27
9.740920524918542050e+36 7.350214276467924392e+28
1.029911719340695847e+37 2.039858300268560661e+29
1.639834427626524543e+36 4.679505908852546623e+28
1.059985684509171054e+36 2.900013369054060906e+28
2.690295591704617210e+35 1.160112216148050706e+29
2.690295591704617210e+35 1.530030189143466007e+29
5.500472528676351147e+35 1.650061001320232099e+29
9.319658525658425689e+35 1.580156128997180455e+29
1.480130473020813698e+36 1.260085459088239335e+29
1.299870237388606741e+35 1.239938085950940136e+29
7.549183812702766091e+35 6.759273194551427387e+28
1.409937949358724765e+32 1.810089295270755646e+27
3.780071373018116340e+37 5.089791592468089994e+30
5.460092497542753348e+37 6.440209571356535941e+30
1.009950294120321181e+36 1.310086586257028674e+29
3.780071373018115986e+36 1.059985684509170915e+29
5.129794882858540592e+36 1.559911644407548540e+29
3.080349536542554901e+37 1.659969085443095255e+30
3.029702602661423040e+37 1.369935121586245561e+30
3.129680471563667753e+37 1.409937949358724641e+30
3.050001128249164172e+37 1.440124371175571302e+30
7.490313585107531261e+37 1.490047111787103915e+31
9.289663867799439127e+36 2.239752345178424527e+30
1.180048888068964769e+37 1.859944563222579134e+30
1.139987265569973929e+37 1.839924489796675851e+30
1.229985523570472241e+37 1.310086586257028639e+30
1.100018527506228533e+37 1.669936664415500119e+30
1.050025872110885156e+37 1.380066455970334607e+30
7.309707518686028041e+36 6.170210777438439563e+29
6.990367367619713390e+36 6.190133280967236323e+29
6.709652064618820789e+36 5.679367867720042100e+29
4.730423243999560462e+36 7.350214276467925272e+29
4.510243611171968994e+36 8.220533433757716218e+29
4.259905843322011888e+36 7.760683997011065987e+29
1.290030564217983766e+36 1.930189727634569973e+29
1.239938085950950264e+36 1.299870237388606740e+29
1.729816359215099827e+36 1.220112847031934150e+29
2.110085241860487639e+36 1.059985684509170915e+29
6.990367367619713390e+36 3.090295432513579380e+29
6.990367367619713390e+36 1.119953522384885470e+29
1.339985194899793326e+36 7.370551753379338953e+28
1.820119908460108743e+36 8.770008211436374940e+28
4.109604232515461538e+33 2.630267991895392028e+28
4.809500785490978451e+36 1.609904076215710111e+29
4.139996748197278710e+36 1.019999596593723166e+29
1.830206106311067929e+37 1.859944563222579134e+30
3.660159405580473863e+37 3.780071373018116140e+30
6.329945925378928485e+34 3.069728738183677197e+28
1.070039968734907728e+35 3.710222886174665862e+28
4.429961991003636184e+34 3.860112837453205773e+28
3.699985311728572820e+32 9.523574861919190075e+27
4.473011348244451342e+33 2.737789162430078905e+28
1.832314422371203729e+33 1.249971180578374780e+28
2.451319951543436213e+33 1.964264645879850144e+28
2.349091860180360392e+33 2.440619068041976205e+28
4.732602186090042166e+33 2.737789162430078905e+28
8.197850612375734042e+33 3.095280416593981631e+28
2.792543841237324721e+32 1.129795914672799874e+28
9.225714271547704079e+33 6.471426157485830567e+28
7.798301105232641275e+34 2.697739432444926069e+29
1.191242008027376211e+35 3.531831697919555211e+29
1.448771853544766226e+35 4.345102241715732240e+29
4.977370849789391109e+35 5.754399373371590333e+29
5.370317963702488890e+35 5.821032177708721995e+29
6.123503917247721301e+35 6.165950018614809628e+29
6.823386941416746198e+35 5.874893525297744884e+29
7.227698036021732445e+35 7.046930689671451884e+29
9.549925860214290597e+35 8.222426499470695580e+29
1.581248039270376029e+36 1.150800388944435567e+30
1.790605854035294774e+36 9.120108393559114942e+29
2.618183008218980971e+36 1.059253725177285426e+30
3.819442708400471964e+36 1.761976046411623756e+30
4.355118736855714455e+36 1.729816359215099798e+30
4.698941086052122231e+36 1.790605854035294805e+30
5.821032177708722047e+36 2.728977782808040504e+30
7.030723198838356056e+36 3.698281797802673921e+30
7.655966069112569281e+36 2.618183008218980958e+30
8.128305161640928758e+36 2.999162518987653025e+30
3.698281797802643792e+32 1.570362804333558008e+28
2.499999950079729931e+30 1.410002880895899512e+26
1.160112216148060230e+36 5.799626158196433926e+28
4.139996748197278710e+36 4.330120677380057187e+30
3.059849034655006581e+36 3.160093990447954648e+30
2.710191631890841726e+36 1.919994567954290564e+30
1.939992272390970298e+36 1.445106984253965967e+30
1.269989118918110793e+36 5.750425747706366064e+29
1.019999596593723180e+36 3.239664224348449810e+29
7.019400139695788497e+35 1.254873649930484555e+29
3.970086781121813566e+35 7.149900531599980791e+28
9.799411610955924014e+35 2.450191336880777986e+29
5.561987391183763151e+36 1.254815862193900068e+29
1.595879147236743663e+36 1.509037387948640451e+29
2.454708915685033637e+35 4.251087068046147048e+28
1.117635016108778867e+37 3.230725056892876800e+29
1.808422908936514888e+37 6.886522963442776761e+29
2.256835995497209203e+37 5.993768983266377471e+29
6.646606990710752823e+35 3.825603886680375864e+28
1.995262314968866396e+36 1.584893192461110928e+29
1.400006332239528240e+37 2.818382931264449365e+29
4.749960520689129929e+33 3.712102845158728296e+27
1.980021928288978036e+32 5.220955601160113837e+27
