2.372032362750353695e+36 5.145716484423785884e+26 1.715238828141262076e+26 1.000000000000000000e+00
1.695227708479614511e+36 5.145716484423785884e+26 1.715238828141262076e+26 1.000000000000000000e+00
1.177797328657000121e+36 5.145716484423785884e+26 1.715238828141262076e+26 1.000000000000000000e+00
1.176367962966882359e+36 4.888430660202596693e+26 1.629476886734199127e+26 1.000000000000000000e+00
3.435480436197935947e+36 5.145716484423785884e+26 1.715238828141262076e+26 1.000000000000000000e+00
5.108552976480726842e+36 7.075360166082706879e+26 1.801000769548324681e+26 0.000000000000000000e+00
1.024855199814404002e+37 1.033431393955110238e+27 2.058286593769514216e+26 0.000000000000000000e+00
9.691099378998132574e+36 1.629476886734198852e+27 2.144048535176577165e+26 0.000000000000000000e+00
8.061622492263933940e+36 6.860955312565048304e+26 1.715238828141262076e+26 0.000000000000000000e+00
6.542921446513857811e+36 1.029143296884757177e+27 3.430477656282524152e+26 1.000000000000000000e+00
