2.381274108900268299e+38 9.570132397604664251e+29
3.025850661844395093e+38 2.392533051626806631e+30
4.305290987225331439e+37 1.831020202271867158e+29
2.275691828191340940e+38 1.295556674419412551e+30
8.650380878822783749e+37 1.343138772339795958e+30
2.948253684772434251e+38 8.862137745440254839e+29
1.055529292194924908e+38 1.076639888663328773e+30
2.038679425454843011e+38 1.277378305655425317e+31
9.267595073024015712e+37 1.530265319953260863e+30
4.178316366073147626e+38 2.461408160121558628e+30
9.151648474260845358e+37 3.061178581906664405e+29
8.493013804787365030e+37 1.575067992147588634e+29
2.608282334658860286e+36 1.291479586703016007e+29
5.697704084421878951e+36 1.549775518147635188e+29
3.899761882200800899e+36 8.523765359738271922e+28
4.583486431019088029e+36 1.601434705350704462e+29
6.128197311980368983e+36 2.841255085367585131e+28
1.519387747896217820e+36 2.324663282276139513e+28
1.544710896138203577e+36 2.841255085367585131e+28
1.570034009360210954e+36 3.874438807216132246e+28
1.747295908657949238e+36 4.132734693437402947e+28
1.772619040719928309e+36 2.324663282276139513e+28
5.999999994699774018e+37 7.050648531841998554e+28
3.186214502168163680e+36 3.449935027098073657e+28
2.706137752297739431e+37 3.497590382320648033e+29
2.835884115320142450e+37 2.741354662914953048e+29
4.958163340992294815e+37 3.119472533240588404e+29
1.433581110832734630e+37 4.558787996093402777e+27
5.475157289017022906e+36 1.030698362445772854e+29
2.290709199719985241e+37 9.444646467918819736e+27
3.341027882103120219e+36 1.159778266390240825e+28
5.323982018551032310e+36 1.999617671034721330e+28
1.615524467886581725e+37 1.226265545576067400e+29
1.745083008877161185e+37 1.699675037152258250e+29
7.036861932665397990e+36 9.119773159504174617e+28
3.518431012219396940e+36 6.016516970708011788e+28
8.616565624789285133e+36 3.618957609490413372e+28
6.893252547576171839e+36 5.686933318983643260e+28
2.584969718865931934e+36 7.754909180310390079e+28
3.446626318738320292e+36 6.720921239289099926e+28
4.308282868582435089e+36 4.652945504075957701e+28
1.206319199474855101e+36 5.169939442298879559e+28
1.206319199474855101e+36 2.067975770596210138e+28
1.200000010920810133e+37 1.188370893123563762e+29
1.830000001135893453e+37 4.342124443996901753e+28
5.248881159863054703e+37 6.931510190275710075e+28
6.644153386657367817e+37 6.931510190275710075e+28
4.530398762615935834e+36 5.838777906927706752e+28
2.718239255168348057e+36 5.838777906927706752e+28
4.659838765706427618e+36 7.045676130724521465e+28
6.374918251728845829e+36 6.686868551458647447e+28
7.798757925659888428e+36 8.937570612951333836e+28
5.666590380082667723e+36 2.218083218395749671e+29
9.818021300948821126e+36 1.369992583349673201e+29
1.012251269255703414e+37 6.523774277537803316e+28
1.706212895438285687e+36 8.154717790440155569e+28
1.118458385677328503e+36 4.566641994126549013e+28
2.498139520733965822e+37 6.491155395004172870e+28
2.052418071715531599e+35 1.196266541414870816e+29
2.668143479057842609e+36 6.579465985443903922e+28
8.209672261759045909e+35 6.579465985443903922e+28
1.227052797763371042e+36 5.576713147868361394e+28
1.136160012283473046e+36 9.211252259187780163e+28
1.136160012283473046e+36 3.388249056365508860e+28
9.030639588613824358e+35 4.873026981626420979e+28
6.157254290009076408e+35 7.494258101046665792e+28
2.199019396085202486e+34 1.108305774611513620e+28
2.345620669712675381e+34 3.061034934316574168e+28
1.378052140461511246e+35 8.796077477394336501e+27
6.570131318873601475e+35 2.132600005776882075e+29
3.111226433545751439e+35 1.615606069468336405e+28
1.926664077188126540e+35 1.098612120392638186e+28
3.752993048588830566e+35 1.056965388403205226e+28
1.244615055132298815e+34 3.446626287371666300e+27
2.773193796294839848e+36 5.409049129034021264e+28
1.196745243387238518e+36 6.281476452270223699e+28
9.382482650161311954e+33 3.546578410813989886e+27
5.011872336272755977e+32 2.286552861555902540e+27
3.019951720401994176e+33 7.571488133762331034e+26
1.949844599758041622e+35 2.932325020324351718e+29
2.691534803926914176e+36 1.045156307947299823e+28
2.754228703338152095e+36 1.442717321540889816e+28
2.041737944669539930e+36 5.422271332499082624e+29
9.772372209558151265e+35 5.002432601644036301e+29
2.290867652767770176e+36 5.877345832421372010e+29
2.290867652767770176e+36 7.659161834286579070e+29
3.715352290971727871e+36 2.163621289031483878e+29
2.884031503126611332e+36 3.084474939322637329e+29
1.071519305237609196e+36 2.394314777962659265e+29
8.709635899560760105e+35 2.826059140675210650e+29
3.715352290971727724e+35 1.377784345796255292e+29
