1.103310000000000044e+39 1.383173999999999733e+28 7.475000000000000195e+37 7.534800000000000344e+26
7.086299999999999985e+38 1.661243999999999783e+28 4.784000000000000918e+37 6.817199999999999853e+26
4.784000000000000729e+38 1.137396000000000125e+28 3.289000000000000218e+37 7.714199999999999436e+26
4.245800000000000119e+38 9.920819999999997888e+27 2.990000000000000456e+37 7.893600000000001277e+26
3.139500000000000290e+38 6.243120000000000285e+27 2.093000000000000166e+36 7.175999999999999411e+26
1.934530000000000148e+38 4.431179999999999836e+27 1.196000000000000200e+36 8.073000000000000369e+26
4.903600000000001012e+37 3.821220000000000175e+27 2.990000000000000500e+35 7.175999999999999411e+26
3.976700000000000403e+36 1.698917999999999894e+28 8.970000000000001132e+34 6.278999999999999829e+26
2.990000000000000574e+36 1.166099999999999980e+28 5.980000000000001000e+35 1.076399999999999912e+27
5.681000000000000913e+36 1.201980000000000128e+28 8.970000000000001132e+35 1.166099999999999870e+27
